##GREEDY
39.93081192890584 327.6406654832562 19.761596839517292 152.08544017224187 121.3346656513836
0.8 -0.4 7.661488533306901 108.35928718680353 0.0
292.29728459353004 86.66014541309883 34.38483173028311 16.997277109189884 17.900569609830406
0.0 105.11204958250774 15.705990107731804 20.65392906536495 11.316688581108153
48.69031852600703 0.5171982667029863 2.4944598675590512 3.061041192993472 -0.2911730882189372
243.6111567362731 58.68983577783986 345.51016960098127 0.0 89.4852810948274
0.0 54.144256319050115 139.75250942708578 0.0 -0.4
0.0 31.92797499349336 0.0 232.44822203831745 10.72768186726105

#BLIND
