0.0 0.0 0.0 0.0
0.0 0.0 0.0 0.0
0.0 0.0 0.0 0.0
0.0 19.310033212104194 -0.2 0.0
0.0 0.0 0.0 0.0
0.0 0.0 0.0 0.0
-0.38 98.71137697118643 0.0 -0.2
3.8084002309316016 69.09605540488286 3.778228083845938 178.33336904892894
5.050229240239059 305.3983621271084 0.0 45.94247838918203
40.06371094659181 0.0 10.872146467906646 112.28927539789106
284.7283001434665 -0.1 73.55651905235396 0.0
0.0 0.0 0.0 0.0
0.0 0.0 0.0 0.0
148.79623571064602 10.807346467906646 310.63562490128254 20.419584270673482
0.0 0.0 0.0 0.0
0.0 0.0 0.0 0.0
