0.0 0.0 0.0 0.0 
0.0 0.0 0.0 0.0 
0.0 0.0 0.0 0.0 
0.0 62.35530739202458 -0.2 0.0 
0.0 0.0 0.0 0.0 
0.0 0.0 0.0 0.0 
-0.38 129.1900232589839 24.006926958949997 7.516910157694915 
34.61422280087727 88.5329789440982 3.778228083845938 218.86645042965156 
20.10258167471082 313.7771035872245 1.4448026569683359 45.94247838918203 
61.159725591689465 32.029490472942804 10.872146467906646 144.58625829354932 
316.34714356978014 -0.1 73.55651905235396 3.2248646613304226 
0.0 0.0 0.0 0.0 
0.0 0.0 0.0 0.0 
197.2324584556611 39.52512277436999 341.82892943910315 28.61282770432485 
0.0 0.0 0.0 0.0 
0.0 0.0 0.0 0.0 
