0.59049 0.0 0.39435791215894506 0.26572049999999997 0.0 
0.0 0.0 0.0 0.2657191605547052 0.0 
0.0 0.0 0.0 0.0 0.0 
0.0 0.0 0.0 0.0 0.0 
0.6560999999999999 0.51667875 0.26572049999999997 0.2946038002431393 0.0 
0.0 0.0 0.0 0.0 0.0 
0.0 0.0 0.0 0.0 0.0 
0.0 0.0 0.0 0.0 -0.96875 
0.3280499999999872 0.7289999999999999 0.29524498189552373 0.3280499999682742 0.0 
0.5581204507261281 0.8099999999999998 0.6376845010458967 0.6150733886041524 0.0 
0.7588311767558786 0.8999999999999999 0.0 0.0 0.0 
0.0 0.0 0.0 0.0 1.0 
